3.361500341896306310e-03 4.323092280738015658e-01
5.742517228422228115e-03 3.999510665094463402e-01
2.472397804959012291e-01 9.114286731570675482e-02
4.780000729183839780e-01 1.583552603633409106e-02
1.207744988136272291e-02 3.675580626643712989e-01
3.554928079816657149e-01 3.913331806205633256e-02
4.336489577091281467e-01 2.043462110087457262e-02
2.229068873534212347e-02 3.353181634734986316e-01
3.323245031684156636e-01 4.736413248922932695e-02
4.204354275330149937e-01 2.552354853420413239e-02
3.317367901469248093e-02 3.097682603910261179e-01
3.009431622068764467e-01 6.084953670091841627e-02
3.724625896909415923e-01 3.383752466086031863e-02
2.640051831060665766e-01 7.978057204540134340e-02
7.032500129606666928e-02 2.475574314436617129e-01
3.742559548923544144e-01 3.102899474738241015e-02
2.289731165602516549e-01 1.004437337560605270e-01
3.488853813938010973e-01 4.011083235928025736e-02
2.086920752773100407e-01 1.137360142263564855e-01
3.109779557934210237e-01 5.602973645804154579e-02
2.136800977736843521e-01 1.101149884186384265e-01
2.737743074218159656e-01 7.433318392172738598e-02
2.008554284282150215e-01 1.190727181357559283e-01
2.376174905269623494e-01 9.487150949949818557e-02
2.315119270690333408e-01 9.864473759204339665e-02
1.679733614006903020e-01 1.436886185448313924e-01
2.301334433505644039e-01 9.968589315184406274e-02
2.432205511889442562e-01 9.149622261199252815e-02
1.957355063427530517e-01 1.227228271820488548e-01
2.557800333990604136e-01 8.420957897066294606e-02
1.103182537711926425e-01 1.965104626879174976e-01
1.668040931215796219e-01 1.446514687779477670e-01
2.591194259303742919e-01 8.240289750491125442e-02
8.459351881846521870e-02 2.255279348974289499e-01
1.524567881818931214e-01 1.577734102653635118e-01
5.578831098972147906e-02 2.646361826892457136e-01
1.361138864571775908e-01 1.710138751661632872e-01
2.536281111722015202e-01 8.569227692894854087e-02
4.872165014760776458e-02 2.757594195392208958e-01
1.322298615240934394e-01 1.745041920778140909e-01
2.259462656618670406e-01 1.026334710897843783e-01
5.155653406687732421e-02 2.728784385436003879e-01
1.068205639567554321e-01 2.013980209732937343e-01
5.874996138635169007e-02 2.609676321210969707e-01
1.170656082292839129e-01 1.892788925828816637e-01
4.006720926514006909e-02 2.931287524578481962e-01
9.147528294213569389e-02 2.184121455182898019e-01
1.245481828540860869e-01 1.819139721003768528e-01
8.303943840742367133e-02 2.283025035751825582e-01
9.421313141262621649e-02 2.158384376659794324e-01
1.401208993535846270e-01 1.674609844257415325e-01
1.293805408962738213e-01 1.777784500923283995e-01
9.027517998431389135e-02 2.189584545408882477e-01
1.208410470466886322e-01 1.872326991084111159e-01
1.387847475556055477e-01 1.689515209457176370e-01
1.284615231098531485e-01 1.781555974810858922e-01
8.409502198056606481e-02 2.272946002362580264e-01
1.166301736402114431e-01 1.902120079853332202e-01
1.493787435893432214e-01 1.601228084604012780e-01
1.371569072153896451e-01 1.698424916965769471e-01
8.140916760833205590e-02 2.289419625066430042e-01
1.442343746676292282e-01 1.634121143552113020e-01
1.902578704871736859e-01 1.299844727478993711e-01
7.110108635047185377e-02 2.420397729119521113e-01
1.657334458303142410e-01 1.458927297930125988e-01
1.611609605851599403e-01 1.489707646694397036e-01
7.744443158903258073e-02 2.337395859297289880e-01
1.984333410962474398e-01 1.211281790089548949e-01
1.577741003132581143e-01 1.521132793821561302e-01
1.794605417065699982e-01 1.344993193866164116e-01
1.023739336511817477e-01 2.043990298648238335e-01
2.205635437157005274e-01 1.061219156334510805e-01
1.481013893409339754e-01 1.602915592793852095e-01
1.344691859616945484e-01 1.730471509801870811e-01
1.720648037290104515e-01 1.402155020574245015e-01
1.688266676441491088e-01 1.432319648849256222e-01
1.301162883600408549e-01 1.762918240857889174e-01
2.502963900046356605e-01 8.753306777357960922e-02
1.593050678894899486e-01 1.505343425226873810e-01
1.724196614068963518e-01 1.399496633206871454e-01
1.673618637348407434e-01 1.440193625843061431e-01
1.064775655976990532e-01 2.034840946509155479e-01
1.603664879373909447e-01 1.496247571342012028e-01
6.506011149937562799e-02 2.509935447047396684e-01
2.550261920724947728e-01 8.469959672062477019e-02
1.718046056099742369e-01 1.404888962084938075e-01
1.745879288769660587e-01 1.383067065407365126e-01
1.432411516330853729e-01 1.643101836629630164e-01
1.718938454302388896e-01 1.403546839950825520e-01
5.414903980395369132e-02 2.664002007891503876e-01
2.426800630396046543e-01 9.185056832309002051e-02
1.911876341085467779e-01 1.261469554256104963e-01
1.268086557363299338e-01 1.803365472229429001e-01
1.944828062594695650e-01 1.234613392810093302e-01
1.344748082157969371e-01 1.722980971947516426e-01
8.846649347122015339e-02 2.231621621925395926e-01
1.716392878798196353e-01 1.406425918367463224e-01
4.930270538164527316e-02 2.750200863544176588e-01
2.131675636303504984e-01 1.104748921530233075e-01
1.426948520318835900e-01 1.652192579802469474e-01
1.831009514609582833e-01 1.319282759388492599e-01
1.360547939465697187e-01 1.710226017922945596e-01
9.928260936637101075e-02 2.097130136985437820e-01
1.782681696408017213e-01 1.355971787602935352e-01
1.983646229743888378e-01 1.211957638543986748e-01
5.670002950744423842e-02 2.640365322290501027e-01
1.913417388457440138e-01 1.256830739718202139e-01
2.126783804540275380e-01 1.114826310353389527e-01
1.627282649855731345e-01 1.478546884844842424e-01
1.278986396644019585e-01 1.787060357580779746e-01
1.187773168663620593e-01 1.882439152137223015e-01
1.950733436361917761e-01 1.231531382201728198e-01
2.050063730666130679e-01 1.159875975405038062e-01
7.284916555502851665e-02 2.407376357838102443e-01
1.998128665312602914e-01 1.199939215984280327e-01
2.271371628959200084e-01 1.019854934117241374e-01
1.800119299092378666e-01 1.341152727441184966e-01
1.353916334988540804e-01 1.719660806177303325e-01
1.021273926968712109e-01 2.052452332487489928e-01
1.460922087308634820e-01 1.621569420446365983e-01
2.081306958029518483e-01 1.141744634910790701e-01
1.969857339879814706e-01 1.216304301605356519e-01
9.706811179884022867e-02 2.111440626125611342e-01
