9.922080953023121097e+00 9.979942547267356190e+00
9.422080953023121097e+00 9.479942547267356190e+00
4.112168931794086824e+00 4.050730765169499037e+00
1.248018575291140131e+00 1.479060157179212576e+00
8.922080953023121097e+00 8.979942547267356190e+00
2.661697303528828495e+00 2.594529046690178475e+00
1.690155882851875457e+00 1.854406718496474316e+00
8.422080953023121097e+00 8.479942547267356190e+00
2.929476551906207593e+00 2.888396597529247600e+00
1.900421432881356454e+00 2.079918432440052811e+00
8.022080953023120742e+00 8.079942547267355835e+00
3.323135272962447928e+00 3.304108601148851854e+00
2.470954748674495161e+00 2.385519216335541870e+00
3.823135272962447928e+00 3.804108601148851854e+00
7.022080953023120742e+00 7.079942547267355835e+00
2.356398932247191436e+00 2.338487056129704200e+00
4.313204723211160996e+00 4.293155363735240648e+00
2.675266398428998826e+00 2.677840392076691334e+00
4.606253338385259966e+00 4.585488097545712627e+00
3.175266398428998826e+00 3.177840392076691334e+00
4.519777623453791193e+00 4.517012873308119403e+00
3.675266398428998826e+00 3.677840392076691334e+00
4.700827384465548597e+00 4.718525661313968556e+00
4.175266398428998826e+00 4.177840392076690890e+00
4.266089422061839720e+00 4.260139690550226454e+00
5.200827384465548597e+00 5.218525661313968556e+00
4.276755346871286889e+00 4.295497024718669010e+00
4.097765956039272517e+00 4.097925689062171806e+00
4.776755346871286889e+00 4.795497024718669010e+00
3.920857227460191385e+00 3.926145958173180350e+00
6.174943148628619483e+00 6.198957329216283618e+00
5.219162550630713326e+00 5.237799888378199320e+00
3.872275007701564853e+00 3.885643492910219710e+00
6.674943148628619483e+00 6.698957329216283618e+00
5.457023050743051051e+00 5.500310844078692973e+00
7.322198333343013843e+00 7.345302254867375424e+00
5.719162550630713326e+00 5.737799888378199320e+00
3.946957216744657604e+00 3.969804754566616634e+00
7.502441391415544558e+00 7.524473612173117054e+00
5.785319102487943788e+00 5.800200473289311986e+00
4.336758874734657709e+00 4.366267387756170848e+00
7.446096912781034582e+00 7.485552437341231879e+00
6.250265794352134918e+00 6.291821153711606662e+00
7.257087131450039585e+00 7.289878896236919203e+00
6.051064153465580020e+00 6.067624803758941532e+00
7.768319003694694302e+00 7.810785044011925748e+00
6.545321953363476553e+00 6.584491604471843118e+00
5.918350399011858443e+00 5.936153359145746045e+00
6.714823384197929457e+00 6.750807492478452687e+00
6.497408035145772587e+00 6.543012265322106558e+00
5.651887155407943730e+00 5.673326318505776733e+00
5.836758874734657709e+00 5.866267387756170848e+00
6.561255717741944160e+00 6.589190313750780348e+00
5.997408035145772587e+00 6.043012265322106558e+00
5.675735940286329217e+00 5.703726308869959460e+00
5.850178462128641677e+00 5.868192570614107595e+00
6.735131959280960423e+00 6.695892108594297731e+00
6.061255717741944160e+00 6.089190313750780348e+00
5.504402253815576351e+00 5.543012265322106558e+00
5.702229861778694620e+00 5.712270644025119637e+00
6.751325637939380009e+00 6.738786946318602311e+00
5.585564250383939111e+00 5.590086027189236972e+00
4.891232366728750947e+00 4.963151746482248328e+00
6.962055496832233459e+00 6.965832262143209164e+00
5.237349979302051040e+00 5.266443938422737503e+00
5.312868537212116493e+00 5.313332231892864854e+00
6.825380705152866767e+00 6.826110178929924110e+00
4.737349979302051040e+00 4.766443938422737503e+00
5.362581320468995827e+00 5.383371793987093312e+00
5.028970187616288001e+00 5.026503782734728532e+00
6.325380705152866767e+00 6.326110178929924110e+00
4.414055206753403127e+00 4.444100771112674764e+00
5.519378330523755594e+00 5.538019821012666100e+00
5.749741681333381926e+00 5.780230199298724614e+00
5.141162584480309050e+00 5.142384899861482062e+00
5.187830059312526387e+00 5.212589845334013816e+00
5.825380705152866767e+00 5.826110178929924110e+00
3.993438820161459013e+00 4.012602398517917557e+00
5.339973580382637586e+00 5.346488182165411551e+00
5.134326883366394867e+00 5.138635342784406035e+00
5.211457746220420795e+00 5.221571798124782227e+00
6.276134213710506060e+00 6.334175503197653434e+00
5.325380705152866767e+00 5.326110178929924110e+00
7.099831730337878177e+00 7.122331820956494752e+00
3.929084167291550855e+00 3.941224209838165127e+00
5.151900822908685562e+00 5.142146717401109512e+00
5.099101521612089627e+00 5.108398901619922050e+00
5.601365980907537789e+00 5.607805906477541846e+00
5.143086773779134369e+00 5.145946522254243760e+00
7.366004032151753478e+00 7.359874978968070636e+00
4.102186343129330837e+00 4.109894970832175254e+00
4.868566061934899381e+00 4.844869733964442204e+00
5.882164072175411818e+00 5.913377930705927099e+00
4.796650973272155838e+00 4.807218564139312811e+00
5.747784799051763649e+00 5.757227401658225219e+00
6.619118152166614699e+00 6.669544651634783605e+00
5.144368522046901759e+00 5.155648539619337889e+00
7.513823808807472027e+00 7.489002756728369015e+00
4.523122404936631646e+00 4.529208188540414071e+00
5.609151249662381211e+00 5.632400439343903997e+00
4.967233532575304977e+00 4.983546692467629491e+00
5.720128320332830363e+00 5.737314507265109498e+00
6.394348828521743577e+00 6.436383878623358257e+00
5.041144009513041091e+00 5.057506059297856460e+00
4.738468338207950659e+00 4.768051577704117250e+00
7.339650269515932912e+00 7.307136319330014729e+00
4.844878543381831548e+00 4.851294215229501994e+00
4.562790737994702361e+00 4.529012803593994718e+00
5.283736091143206082e+00 5.298490120511120338e+00
5.859955332275994522e+00 5.878366372957107622e+00
6.024184361324343762e+00 6.055546918708047954e+00
4.786763525830893151e+00 4.803652329225770679e+00
4.644381208307061470e+00 4.645337118662079767e+00
6.955469647803982802e+00 6.927244712126555015e+00
4.716258305478915780e+00 4.740818457762693505e+00
4.352872398484639582e+00 4.320311949777655869e+00
5.016176129835587361e+00 5.023670033206260044e+00
5.732538468452557545e+00 5.758487482512112621e+00
6.328029503905238329e+00 6.351365482941731422e+00
5.552654370361116420e+00 5.574506471405337393e+00
4.593706022974960668e+00 4.616519286893749907e+00
4.767312748670616607e+00 4.760446478032805295e+00
6.455469647803982802e+00 6.427244712126555015e+00
